0 0.0609375 0.465625 0.07421875 0.1390625
0 0.2 0.49296875 0.17734375 0.20546875
0 0.27890625 0.4984375 0.15703125 0.18984375
0 0.2921875 0.5703125 0.16875 0.18203125
0 0.45859375 0.40546875 0.20546875 0.13203125
0 0.39453125 0.47734375 0.075 0.14765625
0 0.453125 0.50546875 0.071875 0.2015625
0 0.5671875 0.59765625 0.1515625 0.1734375
0 0.7234375 0.60703125 0.14921875 0.15625
0 0.6796875 0.53984375 0.36953125 0.10546875
0 0.70390625 0.46328125 0.09765625 0.14375
0 0.9125 0.54609375 0.0828125 0.28671875
0 0.4890625 0.39609375 0.940625 0.128125