0 0.1078125 0.31328125 0.2078125 0.15625
0 0.20390625 0.3109375 0.22578125 0.1609375
0 0.315625 0.31015625 0.21015625 0.16875
0 0.4234375 0.309375 0.21796875 0.16484375
0 0.53203125 0.31015625 0.2234375 0.1625
0 0.70859375 0.27265625 0.57890625 0.225
0 0.359375 0.44453125 0.303125 0.434375
0 0.921875 0.4765625 0.14609375 0.39609375
0 0.86640625 0.64375 0.25390625 0.18359375
0 0.74609375 0.62109375 0.2140625 0.1578125
0 0.6296875 0.621875 0.2046875 0.159375
0 0.52109375 0.6171875 0.234375 0.16328125