0 0.1078125 0.40859375 0.215625 0.5046875
0 0.1796875 0.41953125 0.2375 0.5171875
0 0.24921875 0.29609375 0.1734375 0.5921875
0 0.190625 0.61796875 0.175 0.63125
0 0.265625 0.4515625 0.2296875 0.4109375
0 0.34375 0.4765625 0.2203125 0.4390625
0 0.421875 0.315625 0.175 0.63125
0 0.3640625 0.64375 0.1765625 0.634375
0 0.440625 0.47265625 0.24375 0.5078125
0 0.52421875 0.46875 0.225 0.4609375
0 0.59765625 0.3484375 0.1609375 0.59375
0 0.54296875 0.65625 0.1734375 0.6453125
0 0.61640625 0.509375 0.2171875 0.39375
0 0.6796875 0.39296875 0.1828125 0.66875
0 0.63359375 0.65234375 0.1890625 0.66875
0 0.70234375 0.52578125 0.25 0.4421875
0 0.77734375 0.3953125 0.1953125 0.7
0 0.725 0.6609375 0.203125 0.678125
0 0.8 0.53203125 0.246875 0.44375
0 0.87265625 0.409375 0.1890625 0.6859375
0 0.825 0.64921875 0.20625 0.7015625
0 0.8875 0.53125 0.225 0.465625
0 0.8984375 0.68515625 0.203125 0.6296875
0 0.925 0.41328125 0.15 0.6765625