0 0 0.5128592359375 0.193858428125 0.4645249015625 0.1560238859375 0.31277884375 0 0.35167996874999996 0 0.5128592359375
0 0.0765132765625 0.49339164999999996 0.295751640625 0.4387293875 0.2568467921875 0.2826905625 0.037608428124999996 0.3373528265625 0.0765132765625 0.49339164999999996
0 0.193352934375 0.46728186875000005 0.3970760875 0.4164879828125 0.3563022640625 0.2529531109375 0.1525791125 0.30374699843749997 0.193352934375 0.46728186875000005
0 0.29381574375 0.44000826406250004 0.5051385374999999 0.38731957499999997 0.46527482343750004 0.227434953125 0.25395203125 0.2801236421875 0.29381574375 0.44000826406250004
0 0.3961065953125 0.4139454640625 0.6132373140625 0.35980869531250004 0.573891340625 0.2020006171875 0.356760621875 0.2561373859375 0.3961065953125 0.4139454640625
0 0.3938770625 0.40808226875000003 0.955319946875 0.2680988359375 0.9008410859374999 0.049596059375 0.339398203125 0.1895794921875 0.3938770625 0.40808226875000003
0 0.255846253125 0.7271473578125 0.5500033906249999 0.653805746875 0.44496006718750003 0.23249999062499999 0.15080293125 0.3058416015625 0.255846253125 0.7271473578125
0 1 0.4607320671875 0.9263242109375 0.165234615625 0.78451908125 0.20059060468749998 0.8803104015625 0.5847886015625 1 0.5549466328125 1 0.4607320671875
0 1 0.4638110359375 0.9917689624999999 0.43079814687500007 0.7450403296875 0.4923145046875 0.7893663656250001 0.67009651875 1 0.6175796546875 1 0.4638110359375
0 0.6827541312500001 0.6602058828125 0.8907661484375 0.6083426625 0.8526785406249999 0.45558161249999996 0.644666525 0.5074448328125001 0.6827541312500001 0.6602058828125
0 0.5749408796875 0.688723659375 0.7737562921875 0.639153409375 0.735285603125 0.48485590468749995 0.536470190625 0.534426153125 0.5749408796875 0.688723659375
0 0.4546561921875 0.716364953125 0.68207845 0.6596622156249999 0.6426117484375 0.5013699218750001 0.4151894921875 0.558072659375 0.4546561921875 0.716364953125