0 0.79140625 0.17890625 0.25625 0.3359375
0 0.82265625 0.6140625 0.3546875 0.771875
0 0.7765625 0.8265625 0.1359375 0.2640625
0 0.73125 0.82578125 0.1609375 0.071875
0 0.9046875 0.9 0.14375 0.2
0 0.86640625 0.81875 0.078125 0.2328125
0 0.72421875 0.375 0.1140625 0.2890625
0 0.63125 0.5546875 0.196875 0.58125
0 0.48984375 0.56953125 0.246875 0.615625
0 0.4921875 0.6046875 0.140625 0.5046875
0 0.42890625 0.6 0.1265625 0.5140625
0 0.32109375 0.42578125 0.35 0.184375
0 0.25859375 0.68203125 0.203125 0.528125
0 0.121875 0.584375 0.2265625 0.328125