0 0.08359375 0.48125 0.16328125 0.48359375
0 0.1703125 0.4765625 0.153125 0.4984375
0 0.215625 0.32578125 0.065625 0.6265625
0 0.215625 0.6703125 0.0671875 0.6296875
0 0.2609375 0.49296875 0.1640625 0.38828125
0 0.3421875 0.50390625 0.15 0.41875
0 0.390625 0.3296875 0.065625 0.634375
0 0.39140625 0.66484375 0.0671875 0.63203125
0 0.43671875 0.48359375 0.16171875 0.4875
0 0.51875 0.46484375 0.15078125 0.44140625
0 0.56953125 0.33359375 0.059375 0.5921875
0 0.56953125 0.64609375 0.0625 0.64375
0 0.61640625 0.4890625 0.1546875 0.37265625
0 0.65859375 0.36328125 0.0671875 0.66796875
0 0.6578125 0.6265625 0.07421875 0.665625
0 0.70390625 0.48984375 0.18046875 0.41640625
0 0.7546875 0.3484375 0.075 0.696875
0 0.75390625 0.6390625 0.0796875 0.71640625
0 0.80078125 0.4796875 0.17578125 0.4203125
0 0.8515625 0.34609375 0.071875 0.68359375
0 0.8515625 0.61875 0.07578125 0.75703125
0 0.9046875 0.46015625 0.18515625 0.440625
0 0.94375 0.6484375 0.10625 0.69765625
0 0.94140625 0.334375 0.1109375 0.66796875