0 0 0.44347087187499995 0.20177495625000003 0.4222634703125 0.1854275875 0.2667286453125 0 0.2862178703125 0 0.44347087187499995
0 0.08155432500000001 0.4345180015625 0.30626659218749996 0.410899790625 0.2894567703125 0.25096501718750003 0.06474450312499999 0.27458322812499997 0.08155432500000001 0.4345180015625
0 0.2008906859375 0.42492325781250007 0.4097003625 0.402976475 0.392083003125 0.2353584953125 0.1832733265625 0.2573052765625 0.2008906859375 0.42492325781250007
0 0.3041715515625 0.41189679687499997 0.5207706125 0.38913131875 0.5035464890625 0.2252547265625 0.286947428125 0.24802020468750002 0.3041715515625 0.41189679687499997
0 0.40909415625 0.40032377343750003 0.6316461546875 0.376932615625 0.614645734375 0.21518441406250002 0.392093734375 0.238575571875 0.40909415625 0.40032377343750003
0 0.4077023203125 0.3942073484375 0.9831632078125001 0.33372397187499997 0.959624240625 0.1097656578125 0.384163353125 0.170249034375 0.4077023203125 0.3942073484375
0 0.22660953906249998 0.6909571421875 0.5281111390625 0.6592680468750001 0.48272451875 0.227443203125 0.18122291875000002 0.2591322984375 0.22660953906249998 0.6909571421875
0 1 0.5250009625 0.9687655890625001 0.22782539062499998 0.8234198953125 0.2431018390625 0.864808953125 0.6368924234375 1 0.6226832718749999 1 0.5250009625
0 1 0.5321269578125001 0.9966141374999999 0.49991262656249996 0.7437252296875 0.526492321875 0.7628774109375 0.7087131656250001 1 0.6837905765625 1 0.5321269578125001
0 0.65867923125 0.6840812296875 0.8718848546875 0.661672415625 0.8554281421875001 0.5050972546875 0.6422225187499999 0.52750606875 0.65867923125 0.6840812296875
0 0.547946303125 0.69731676875 0.751725703125 0.675898690625 0.7351034703125 0.5177487125 0.5313240703125001 0.5391667906250001 0.547946303125 0.69731676875
0 0.42498529375 0.707948665625 0.6580857890625 0.6834488171875 0.6410332046875 0.5212043093750001 0.407932709375 0.5457041593749999 0.42498529375 0.707948665625