0 0.0051619546874999995 0.6521305359375 0.408466671875 0.68033235 0.419107409375 0.5281627015625 0.01580269375 0.49996088906249997 0.0051619546874999995 0.6521305359375
0 0.2657088859375 0.6669682015625 0.659884865625 0.6945316703125 0.6704994578125001 0.542735925 0.276323478125 0.5151724546875001 0.2657088859375 0.6669682015625
0 0.5178631703125001 0.9739109906250001 0.644956753125 0.9827982390625 0.675397034375 0.5474819265625 0.5483034515625 0.5385946781250001 0.5178631703125001 0.9739109906250001
0 0.5172684421875 0.976875225 0.8390118203125001 0.9993737140625001 0.8604527859375001 0.6927536328125 0.53870940625 0.6702551437500001 0.5172684421875 0.976875225
0 0.5276405625 0.794245325 0.861655140625 0.8176019 0.879885425 0.5568966859375 0.545870846875 0.5335401109375 0.5276405625 0.794245325
0 0.22069578281250002 0.644541984375 0.660216796875 0.6752762875 0.68005294375 0.3916061625 0.2405319296875 0.3608718578125 0.22069578281250002 0.644541984375
0 0.44124419374999996 0.219310609375 0.8208043875 0.24585204374999997 0.8301613765625 0.112040865625 0.45060118281249995 0.08549943125000001 0.44124419374999996 0.219310609375
0 0.40749622968750004 0.66349575625 0.662151421875 0.68130298125 0.7028956875000001 0.09863285000000001 0.44824049375 0.08082562343750001 0.40749622968750004 0.66349575625
0 0.5413918546875001 0.67317801875 0.790805153125 0.6906186953125 0.8313627390624999 0.11061820468750001 0.581949440625 0.09317752812499999 0.5413918546875001 0.67317801875
0 1 0.26669372187499996 0.564902246875 0.2362687234375 0.5348630390625 0.6658494171875 0.98205968125 0.6971204531249999 1 0.44056193749999994 1 0.26669372187499996
0 1 0.1194797953125 0.703782196875 0.098766228125 0.6843345734375 0.3768802046875 1 0.39895368124999997 1 0.1194797953125