0 0.21153434375 0.23512475937500002 0.0037198921874999997 0.23512475937500002 0.0037198921874999997 0.3915163140625 0.21153434375 0.3915163140625 0.21153434375 0.23512475937500002
0 0.3166413921875 0.23032149687499998 0.090691346875 0.23032149687499998 0.090691346875 0.3911372359375 0.3166413921875 0.3911372359375 0.3166413921875 0.23032149687499998
0 0.42033675312499996 0.22552783125000003 0.21037689531249998 0.22552783125000003 0.21037689531249998 0.39406909843750004 0.42033675312499996 0.39406909843750004 0.42033675312499996 0.22552783125000003
0 0.5322457625 0.22713051874999998 0.31445361250000003 0.22713051874999998 0.31445361250000003 0.39190978906249996 0.5322457625 0.39190978906249996 0.5322457625 0.22713051874999998
0 0.6437890281249999 0.22872840625 0.42001115 0.22872840625 0.42001115 0.39136756250000004 0.6437890281249999 0.39136756250000004 0.6437890281249999 0.22872840625
0 0.9978969671875 0.1599472171875 0.4192662796875 0.1599472171875 0.4192662796875 0.38513915625 0.9978969671875 0.38513915625 0.9978969671875 0.1599472171875
0 0.5113090984374999 0.22713051874999998 0.20814674375000003 0.22713051874999998 0.20814674375000003 0.6613339734375 0.5113090984374999 0.6613339734375 0.5113090984374999 0.22713051874999998
0 0.9946476359374999 0.2783157390625 0.8485013374999999 0.2783157390625 0.8485013374999999 0.67427543125 0.9946476359374999 0.67427543125 0.9946476359374999 0.2783157390625
0 0.9939027656249999 0.5518234171875 0.7396208750000001 0.5518234171875 0.7396208750000001 0.735047984375 0.9939027656249999 0.735047984375 0.9939027656249999 0.5518234171875
0 0.8529482609375 0.5422216890625 0.6385682421875 0.5422216890625 0.6385682421875 0.699659309375 0.8529482609375 0.699659309375 0.8529482609375 0.5422216890625
0 0.7319603031249999 0.5422264875 0.5270584296874999 0.5422264875 0.5270584296874999 0.7012476000000001 0.7319603031249999 0.7012476000000001 0.7319603031249999 0.5422264875
0 0.63804415625 0.535830134375 0.40365967812500003 0.535830134375 0.40365967812500003 0.6989683296875 0.63804415625 0.6989683296875 0.63804415625 0.535830134375