0 0.698671946875 0.22593008281250002 0.78142876875 0.2375607953125 0.8086750484375 0.043693446875 0.7259182265625 0.0320627328125 0.698671946875 0.22593008281250002
0 0.6848804453125 0.353171725 0.9294748421874999 0.387547225 0.95791200625 0.1852062984375 0.7133176078125001 0.1508307984375 0.6848804453125 0.353171725
0 0.4374534296875 0.41523337656250003 0.7278715515624999 0.4560489828125 0.7502559015625 0.2967760546875 0.4598377796875 0.25596045 0.4374534296875 0.41523337656250003
0 0.6607014109375 0.5195011609375 0.7258721234375 0.5286603078125001 0.7469225625 0.3788786546875 0.6817518484375 0.3697195078125 0.6607014109375 0.5195011609375
0 0.515145759375 0.8584335968750001 0.6026368359375 0.8706648953125 0.649023178125 0.5585260609375 0.7335677875 0.56713713125 0.749392890625 0.46505676406249996 0.583262596875 0.4509480078125 0.515145759375 0.8584335968750001
0 0.63324895625 0.69456719375 0.9405542796875 0.737756140625 0.9748393500000001 0.493805190625 0.6675340265624999 0.45061624375 0.63324895625 0.69456719375
0 0.7052271484375 0.8764126375 0.9094665359375 0.9051166109375 0.941536196875 0.6769291125 0.7372968109375 0.6482251390625 0.7052271484375 0.8764126375
0 0.5998837984375001 0.9615930374999999 0.7812907421874999 0.9870881203125 0.8035178640625 0.8289339375000001 0.62211091875 0.8034388546875 0.5998837984375001 0.9615930374999999
0 0.9166960203125001 1 0.9377918703124999 0.8498952328125 0.8074232140625 0.8315731140624999 0.783752359375 1 0.9166960203125001 1
0 0.5390385546875 0.7656348765625001 0.6882232125 0.7866014125 0.6966040296875 0.7269687968749999 0.5474193734374999 0.7060022609375001 0.5390385546875 0.7656348765625001
0 0.021905696875 0.519607765625 0.33698067656249997 0.5638886656250001 0.359039409375 0.4069326203125 0.043964431250000005 0.36265172031250004 0.021905696875 0.519607765625
0 0.061409128125000004 0.7014378203125 0.1282318 0.7108291343750001 0.1656543515625 0.4445538453125 0.0988316796875 0.43516253125000004 0.061409128125000004 0.7014378203125
0 0.12837580625 0.8796237984375 0.22469775625000002 0.893160965625 0.281347903125 0.49007422500000003 0.185025953125 0.4765370578125 0.12837580625 0.8796237984375
0 0.2259896671875 0.891130775 0.30543349375 0.9022958765625001 0.3617783109375 0.5013816609374999 0.2823344859375 0.490216559375 0.2259896671875 0.891130775
0 0.17422076875 0.4552230703125 0.39267880625 0.4859253453125 0.41314090468750003 0.34032995625 0.1946828671875 0.30962768125 0.17422076875 0.4552230703125
0 0.33326559843750003 0.83187984375 0.499115078125 0.85518846875 0.5329538203124999 0.6144133046875 0.3671043421875 0.5911046796874999 0.33326559843750003 0.83187984375
0 0.283055428125 0.31687116249999997 0.27266913593750003 0.38328851406250003 0.39639497968750004 0.3994456734375 0.332518675 0.832676503125 0.49750516562499997 0.853514446875 0.49821033750000004 0.8507459953125001 0.550123140625 0.47944411093749995 0.7447830843750001 0.457886971875 0.7605374687500001 0.387751228125 0.283055428125 0.31687116249999997