0 0.7796875 0.16875 0.2453125 0.328125
0 0.8265625 0.61015625 0.32734375 0.7765625
0 0.7875 0.81640625 0.1265625 0.259375
0 0.7421875 0.8171875 0.159375 0.065625
0 0.91953125 0.89453125 0.13671875 0.2109375
0 0.87734375 0.80546875 0.0703125 0.23046875
0 0.71953125 0.3671875 0.1046875 0.2859375
0 0.6328125 0.55 0.17734375 0.57578125
0 0.4921875 0.56953125 0.22578125 0.60859375
0 0.49609375 0.6046875 0.12265625 0.5
0 0.4328125 0.60234375 0.10859375 0.51015625
0 0.31875 0.43203125 0.34375 0.17265625
0 0.26484375 0.690625 0.184375 0.52265625
0 0.125 0.59765625 0.215625 0.32109375