0 0.097990565625 0.3963855421875 0.023398112500000002 0.3963855421875 0.023398112500000002 0.5351807234375 0.097990565625 0.5351807234375 0.097990565625 0.3963855421875
0 0.2890773578125 0.390358434375 0.1117 0.390358434375 0.1117 0.5954487953125 0.2890773578125 0.5954487953125 0.2890773578125 0.390358434375
0 0.3576962265625 0.40361445781249994 0.20075660312500002 0.40361445781249994 0.20075660312500002 0.5933734937499999 0.3576962265625 0.5933734937499999 0.3576962265625 0.40361445781249994
0 0.37660566093750003 0.47915963906250003 0.20820188750000002 0.47915963906250003 0.20820188750000002 0.6614427703125 0.37660566093750003 0.6614427703125 0.37660566093750003 0.47915963906250003
0 0.5615471703125 0.3397590359375 0.356226415625 0.3397590359375 0.356226415625 0.4715903609375 0.5615471703125 0.4715903609375 0.5615471703125 0.3397590359375
0 0.4317056609375 0.40361144531250004 0.3569811328125 0.40361144531250004 0.3569811328125 0.5508825296875 0.4317056609375 0.5508825296875 0.4317056609375 0.40361144531250004
0 0.48893584843750004 0.4048192765625 0.417358490625 0.4048192765625 0.417358490625 0.6062650609375 0.48893584843750004 0.6062650609375 0.48893584843750004 0.4048192765625
0 0.6428773578125 0.5108463859375 0.4913188671875 0.5108463859375 0.4913188671875 0.6846355421875 0.6428773578125 0.6846355421875 0.6428773578125 0.5108463859375
0 0.798007546875 0.528918675 0.649056603125 0.528918675 0.649056603125 0.6850933734375 0.798007546875 0.6850933734375 0.798007546875 0.528918675
0 0.86415094375 0.4875783125 0.49455094375 0.4875783125 0.49455094375 0.592771084375 0.86415094375 0.592771084375 0.86415094375 0.4875783125
0 0.7530320749999999 0.39156626562499997 0.6550962265625 0.39156626562499997 0.6550962265625 0.5354698796874999 0.7530320749999999 0.5354698796874999 0.7530320749999999 0.39156626562499997
0 0.9534641515625 0.40241265000000004 0.870943396875 0.40241265000000004 0.870943396875 0.689021084375 0.9534641515625 0.689021084375 0.9534641515625 0.40241265000000004
0 0.9592452828125 0.33191566250000004 0.0182943390625 0.33191566250000004 0.0182943390625 0.4602409640625 0.9592452828125 0.4602409640625 0.9592452828125 0.33191566250000004