0 0.039096846875 0.7357470562499999 0.4411716515625 0.693487290625 0.4252267515625 0.5417816984375 0.023151946875000003 0.5840414640625 0.039096846875 0.7357470562499999
0 0.29826201874999997 0.7051158046875 0.691235925 0.66381258125 0.6753302031249999 0.51247975 0.282356296875 0.553782971875 0.29826201874999997 0.7051158046875
0 0.59988556875 0.9636093109375 0.72659156875 0.9502919734375 0.680977509375 0.51630319375 0.554271509375 0.52962053125 0.59988556875 0.9636093109375
0 0.599814609375 0.9666317859375001 0.9205768046875 0.9329183203125 0.888448015625 0.6272333031249999 0.56768581875 0.6609467687499999 0.599814609375 0.9666317859375001
0 0.5783158046875 0.78497534375 0.9113117765625001 0.7499760578125 0.8839941171874999 0.49006588593749995 0.5509981453125 0.525065171875 0.5783158046875 0.78497534375
0 0.25003849218749996 0.690846734375 0.6882191515625 0.6447920921875 0.6584951421875 0.3619870421875 0.220314484375 0.4080416859375 0.25003849218749996 0.690846734375
0 0.393395625 0.2337777515625 0.7717983187499999 0.194006025 0.7577770875 0.060602915624999996 0.3793743921875 0.1003746421875 0.393395625 0.2337777515625
0 0.43729230937499997 0.6770749984375 0.691170909375 0.6503912828125 0.6301165703125 0.0694980515625 0.3762379703125 0.09618176875 0.43729230937499997 0.6770749984375
0 0.5708350671875 0.663359434375 0.8194877593750001 0.637224984375 0.7587131546875 0.058993253125 0.5100604625 0.0851277046875 0.5708350671875 0.663359434375
0 1 0.52511385 0.9639526593750001 0.18214631406249998 0.5181197796875 0.22900523750000001 0.5631328390625 0.6572758890625 1 0.6113592999999999 1 0.52511385
0 0.6601545890625 0.346741309375 0.9759708375 0.3135476828125 0.9468290234375001 0.036281837500000004 0.6310127734375001 0.0694754640625 0.6601545890625 0.346741309375