0 0.10703125 0.5609375 0.2140625 0.50625
0 0.171875 0.53984375 0.2453125 0.51875
0 0.1875 0.38359375 0.184375 0.628125
0 0.25234375 0.70234375 0.1859375 0.5953125
0 0.2640625 0.5390625 0.234375 0.4125
0 0.34609375 0.53359375 0.2265625 0.4390625
0 0.36015625 0.35390625 0.1859375 0.6359375
0 0.425 0.6828125 0.1859375 0.6328125
0 0.434375 0.49609375 0.2515625 0.509375
0 0.51171875 0.46171875 0.2328125 0.4625
0 0.53671875 0.3234375 0.171875 0.5921875
0 0.59609375 0.63046875 0.184375 0.64375
0 0.6125 0.4671875 0.2234375 0.3953125
0 0.6296875 0.33515625 0.19375 0.66875
0 0.67890625 0.59375 0.2 0.6671875
0 0.6984375 0.45078125 0.25625 0.44375
0 0.7203125 0.32578125 0.20625 0.6515625
0 0.77578125 0.58828125 0.215625 0.71875
0 0.79140625 0.42265625 0.253125 0.446875
0 0.81484375 0.31171875 0.2015625 0.6234375
0 0.86796875 0.54921875 0.21875 0.7578125
0 0.878125 0.38359375 0.24375 0.4671875
0 0.92265625 0.56015625 0.1546875 0.7046875
0 0.89140625 0.2953125 0.2171875 0.590625