0 0.06484375 0.565625 0.103125 0.1515625
0 0.20625 0.5609375 0.21875 0.240625
0 0.284375 0.5484375 0.1953125 0.2203125
0 0.31328125 0.615625 0.2046875 0.215625
0 0.43828125 0.4171875 0.2296875 0.175
0 0.3921875 0.5015625 0.10625 0.1609375
0 0.45546875 0.515625 0.115625 0.2125
0 0.5875 0.5796875 0.1859375 0.203125
0 0.74140625 0.55390625 0.18125 0.1859375
0 0.684375 0.4984375 0.384375 0.1859375
0 0.690625 0.41796875 0.128125 0.1625
0 0.9125 0.45234375 0.1453125 0.2984375
0 0.46875 0.40078125 0.9375 0.3359375