0 0.589883515625 0 0.615431825 0.1817856765625 0.698188646875 0.1701549640625 0.674274925 0 0.589883515625 0
0 0.6372471328125 0.30789964531249997 0.8818415296875 0.2735241453125 0.8534043671875 0.07118321875 0.6088099703125 0.10555871875 0.6372471328125 0.30789964531249997
0 0.41651152968750005 0.43575726406250004 0.7069296515625 0.3949416578125 0.6845453015625 0.23566873125 0.3941271796875 0.2764843359375 0.41651152968750005 0.43575726406250004
0 0.659851359375 0.4744504078125 0.725022071875 0.4652912609375 0.7039716328125001 0.31550960781250004 0.6388009203125 0.3246687546875 0.659851359375 0.4744504078125
0 0.6133567265625001 0.8403737515625 0.7008299499999999 0.8280154203125001 0.6593822421875 0.5151825062500001 0.7430252687500001 0.5001563453125 0.730100171875 0.3976684078125 0.566516584375 0.42989791562499996 0.6133567265625001 0.8403737515625
0 0.6817171046875 0.6503016015624999 0.989022428125 0.6071126546875 0.9547373578125 0.36316170312499996 0.647432034375 0.40635065 0.6817171046875 0.6503016015624999
0 1 0.739062465625 0.97320010625 0.548371309375 0.7689607203125 0.5770752828125 0.80103038125 0.8052627812500001 1 0.777299425 1 0.739062465625
0 0.723246753125 0.91618 0.9046536984375001 0.8906849171875001 0.8824265765625 0.7325307343749999 0.7010196328125 0.7580258171875001 0.723246753125 0.91618
0 1 0.71809718125 0.8869080968749999 0.7339912125 0.9155866828124999 0.9380499484374999 1 0.92618643125 1 0.71809718125
0 0.6107451625 0.7445841468750001 0.75992981875 0.7236176109375 0.7515490015624999 0.6639849953125 0.6023643453124999 0.6849515312500001 0.6107451625 0.7445841468750001
0 0.0458308921875 0.6506288437500001 0.360905871875 0.60634794375 0.3388471375 0.4493918984375 0.023772159374999997 0.49367279843749995 0.0458308921875 0.6506288437500001
0 0.13392318281249999 0.8145264875 0.2007458546875 0.8051351734375001 0.163323303125 0.5388598859375 0.09650063125 0.5482511999999999 0.13392318281249999 0.8145264875
0 0.24741039687500002 0.9673513265624999 0.343732346875 0.953814159375 0.2870822 0.55072741875 0.19076025000000002 0.5642645859375001 0.24741039687500002 0.9673513265624999
0 0.344414615625 0.951506515625 0.423858440625 0.9403414140624999 0.3675136234375 0.5394271984375 0.288069796875 0.5505923 0.344414615625 0.951506515625
0 0.174498709375 0.5467545781250001 0.39295674687500004 0.5160523031250001 0.37249465000000004 0.3704569140625 0.1540366125 0.4011591890625 0.174498709375 0.5467545781250001
0 0.43120308906249993 0.8649816109374999 0.59705256875 0.8416729875 0.5632138265625 0.6008978234375 0.397364346875 0.6242064468749999 0.43120308906249993 0.8649816109374999
0 0.24098234375 0.3837632921875 0.249305503125 0.45047059687499996 0.37269193437500003 0.4318983921875 0.43070468906250003 0.8659532890625 0.5950435984375 0.8405075671875 0.5949583656249999 0.8376519890624999 0.542515484375 0.46642460156250004 0.7236926796875001 0.392046996875 0.719504734375 0.32028569687499997 0.24098234375 0.3837632921875