0 0.7421654453125 0.0051749265624999995 0.6585953250000001 0.0051749265624999995 0.6585953250000001 0.200947521875 0.7421654453125 0.200947521875 0.7421654453125 0.0051749265624999995
0 0.909644821875 0.124540815625 0.6626466546875001 0.124540815625 0.6626466546875001 0.3288702625 0.909644821875 0.3288702625 0.909644821875 0.124540815625
0 0.719537121875 0.2639249265625 0.4262648953125 0.2639249265625 0.4262648953125 0.42476312031249996 0.719537121875 0.42476312031249996 0.719537121875 0.2639249265625
0 0.7276626953124999 0.34569242031249997 0.6618515125 0.34569242031249997 0.6618515125 0.49694606406249997 0.7276626953124999 0.49694606406249997 0.7276626953124999 0.34569242031249997
0 0.7421026578125 0.430688046875 0.5756255734375 0.43983746406249996 0.5648826765625 0.8528374640624999 0.6532245640625 0.8527733234375001 0.6557181484375 0.537216471875 0.7406384046875 0.5339774046875 0.7421026578125 0.430688046875
0 0.9693560953125001 0.4277806125 0.65903070625 0.4277806125 0.65903070625 0.674129009375 0.9693560953125001 0.674129009375 0.9693560953125001 0.4277806125
0 0.9618629703125 0.6137572890625 0.7556164062499999 0.6137572890625 0.7556164062499999 0.8441873171875001 0.9618629703125 0.8441873171875001 0.9618629703125 0.6137572890625
0 0.8463428046875 0.783491253125 0.6631530703124999 0.783491253125 0.6631530703124999 0.9431997078125001 0.8463428046875 0.9431997078125001 0.8463428046875 0.783491253125
0 0.9822273140625001 0.785561225 0.8505774515625 0.785561225 0.8505774515625 0.9916253640624999 0.9822273140625001 0.9916253640624999 0.9822273140625001 0.785561225
0 0.72627864375 0.697397959375 0.5756278640625 0.697397959375 0.5756278640625 0.75761661875 0.72627864375 0.75761661875 0.72627864375 0.697397959375
0 0.347458753125 0.42745626875 0.0292873515625 0.42745626875 0.0292873515625 0.5859548109375 0.347458753125 0.5859548109375 0.347458753125 0.42745626875
0 0.1611915671875 0.4916253640625 0.093712190625 0.4916253640625 0.093712190625 0.7605174921875 0.1611915671875 0.7605174921875 0.1611915671875 0.4916253640625
0 0.282094409375 0.5206013125 0.1848258484375 0.5206013125 0.1848258484375 0.9276494171874999 0.282094409375 0.9276494171874999 0.282094409375 0.5206013125
0 0.363315765625 0.5206049562499999 0.2830912 0.5206049562499999 0.2830912 0.925459184375 0.363315765625 0.925459184375 0.363315765625 0.5206049562499999
0 0.3917644359375 0.353972303125 0.17115948593750002 0.353972303125 0.17115948593750002 0.5009985421875001 0.3917644359375 0.5009985421875001 0.3917644359375 0.353972303125
0 0.5485563703125 0.60871355625 0.38107699375 0.60871355625 0.38107699375 0.8518549562500001 0.5485563703125 0.8518549562500001 0.5485563703125 0.60871355625
0 0.736539871875 0.4242295921875 0.7423799265625 0.35258381875 0.25968010937499997 0.348846209375 0.2586384046875 0.41606268281250003 0.3834088 0.41484329375 0.3804482125 0.8527478140625 0.546729146875 0.8504212828125001 0.5470421625 0.8475816328124999 0.54677451875 0.47266836718749994 0.736539871875 0.4242295921875