0 0.42126899062499995 0.5337368812500001 0.0169794453125 0.5337368812500001 0.0169794453125 0.6862781109375 0.42126899062499995 0.6862781109375 0.42126899062499995 0.5337368812500001
0 0.6730652375 0.5307383812500001 0.2779267203125 0.5307383812500001 0.2779267203125 0.682904796875 0.6730652375 0.682904796875 0.6730652375 0.5307383812500001
0 0.6782819484375 0.535131184375 0.550878015625 0.535131184375 0.550878015625 0.9715104953125 0.6782819484375 0.9715104953125 0.6782819484375 0.535131184375
0 0.8730205546875001 0.6671401796875001 0.5504915109375 0.6671401796875001 0.5504915109375 0.9745089953124999 0.8730205546875001 0.9745089953124999 0.8730205546875001 0.6671401796875001
0 0.8829289546875 0.5302586203125 0.5480987484375001 0.5302586203125 0.5480987484375001 0.79160045 0.8829289546875 0.79160045 0.8829289546875 0.5302586203125
0 0.672053171875 0.3793103453125 0.2314588921875 0.3793103453125 0.2314588921875 0.6636731640625 0.672053171875 0.6636731640625 0.672053171875 0.3793103453125
0 0.8022944593749999 0.089955021875 0.42180741718750003 0.089955021875 0.42180741718750003 0.224092953125 0.8022944593749999 0.224092953125 0.8022944593749999 0.089955021875
0 0.6744034859375 0.08545727187499999 0.4191264515625 0.08545727187499999 0.4191264515625 0.6695502249999999 0.6744034859375 0.6695502249999999 0.6744034859375 0.08545727187499999
0 0.8033936546874999 0.0884520234375 0.5533713140625001 0.0884520234375 0.5533713140625001 0.669868815625 0.8033936546874999 0.669868815625 0.8033936546874999 0.0884520234375
0 0.9946358359374999 0.2323838078125 0.546347184375 0.2323838078125 0.546347184375 0.6630134937500001 0.9946358359374999 0.6630134937500001 0.9946358359374999 0.2323838078125
0 0.99285299375 0.0855284859375 0.675297140625 0.0855284859375 0.675297140625 0.3643215890625 0.99285299375 0.3643215890625 0.99285299375 0.0855284859375