0 0.06171875 0.4578125 0.0765625 0.140625
0 0.2 0.4875 0.18125 0.2078125
0 0.27890625 0.49453125 0.1609375 0.1921875
0 0.290625 0.56640625 0.171875 0.184375
0 0.46015625 0.4046875 0.2078125 0.1359375
0 0.3953125 0.47578125 0.078125 0.1484375
0 0.453125 0.5046875 0.075 0.203125
0 0.565625 0.5984375 0.1546875 0.1765625
0 0.721875 0.6109375 0.1515625 0.159375
0 0.67890625 0.54296875 0.371875 0.1125
0 0.7046875 0.4671875 0.1 0.1453125
0 0.91171875 0.553125 0.0875 0.2875
0 0.490625 0.39609375 0.9421875 0.14375