0 0.0015672 0.7231439390625 0.1651621234375 0.7231439390625 0.1651621234375 0.23988636406250002 0.0015672 0.23988636406250002 0.0015672 0.7231439390625
0 0.0939849625 0.725492425 0.24728383437499998 0.725492425 0.24728383437499998 0.227285353125 0.0939849625 0.227285353125 0.0939849625 0.725492425
0 0.1824859015625 0.639027778125 0.24841635312500002 0.639027778125 0.24841635312500002 0.0126388890625 0.1824859015625 0.0126388890625 0.1824859015625 0.639027778125
0 0.1821428578125 0.984848484375 0.24906014999999998 0.984848484375 0.24906014999999998 0.355252525 0.1821428578125 0.355252525 0.1821428578125 0.984848484375
0 0.17935385312500002 0.687095959375 0.3432495296875 0.687095959375 0.3432495296875 0.29881313125000003 0.17935385312500002 0.29881313125000003 0.17935385312500002 0.687095959375
0 0.26707471875 0.713257575 0.4171076125 0.713257575 0.4171076125 0.2946212125 0.26707471875 0.2946212125 0.26707471875 0.713257575
0 0.35792528125 0.6467045453125 0.4234375 0.6467045453125 0.4234375 0.0126388890625 0.35792528125 0.0126388890625 0.35792528125 0.6467045453125
0 0.3576057328125 0.9806313125000001 0.42449952968750004 0.9806313125000001 0.42449952968750004 0.34840909062500003 0.3576057328125 0.34840909062500003 0.3576057328125 0.9806313125000001
0 0.35557800781250004 0.7272348484375 0.5175422937499999 0.7272348484375 0.5175422937499999 0.23988636406250002 0.35557800781250004 0.23988636406250002 0.35557800781250004 0.7272348484375
0 0.44329652187499996 0.685782828125 0.5937899437499999 0.685782828125 0.5937899437499999 0.2441161609375 0.44329652187499996 0.2441161609375 0.44329652187499996 0.685782828125
0 0.5396311093749999 0.6299494953125 0.5993820484375 0.6299494953125 0.5993820484375 0.0378787875 0.5396311093749999 0.0378787875 0.5396311093749999 0.6299494953125
0 0.538453946875 0.9680176765624999 0.600718984375 0.9680176765624999 0.600718984375 0.32430555625 0.538453946875 0.32430555625 0.538453946875 0.9680176765624999
0 0.538848684375 0.6754040406249999 0.69343515 0.6754040406249999 0.69343515 0.303030303125 0.538848684375 0.303030303125 0.538848684375 0.6754040406249999
0 0.625 0.6975505046875 0.6924906015625 0.6975505046875 0.6924906015625 0.029469696875 0.625 0.029469696875 0.625 0.6975505046875
0 0.6202678578125 0.9596085859375 0.694703946875 0.9596085859375 0.694703946875 0.2939772734375 0.6202678578125 0.2939772734375 0.6202678578125 0.9596085859375
0 0.6140343046875001 0.6983207078125 0.794320959375 0.6983207078125 0.794320959375 0.28198232343749996 0.6140343046875001 0.28198232343749996 0.6140343046875001 0.6983207078125
0 0.7166353390625 0.697411615625 0.7920018796875 0.697411615625 0.7920018796875 0.0000126265625 0.7166353390625 0.0000126265625 0.7166353390625 0.697411615625
0 0.714241071875 0.9974747468749999 0.7941705828125001 0.9974747468749999 0.7941705828125001 0.2811111109375 0.714241071875 0.2811111109375 0.714241071875 0.9974747468749999
0 0.712718515625 0.6896338390625 0.8883999062499999 0.6896338390625 0.8883999062499999 0.2693560609375 0.712718515625 0.2693560609375 0.712718515625 0.6896338390625
0 0.8153195484375001 0.6876641421875 0.8871804515624999 0.6876641421875 0.8871804515624999 0.0042045453125 0.8153195484375001 0.0042045453125 0.8153195484375001 0.6876641421875
0 0.8139520671874999 0.9974747468749999 0.8897227437499999 0.9974747468749999 0.8897227437499999 0.2404545453125 0.8139520671874999 0.2404545453125 0.8139520671874999 0.9974747468749999
0 0.8121875 0.680151515625 0.9974365593750001 0.680151515625 0.9974365593750001 0.23989899062500003 0.8121875 0.23989899062500003 0.8121875 0.680151515625
0 0.89050751875 0.9974747468749999 0.9967105265624999 0.9974747468749999 0.9967105265624999 0.2995454546875 0.89050751875 0.2995454546875 0.89050751875 0.9974747468749999
0 0.8858059203125 0.6680176765625 0.9965343046875 0.6680176765625 0.9965343046875 0.0000126265625 0.8858059203125 0.0000126265625 0.8858059203125 0.6680176765625