0 0.0222100625 0.51018909375 0.0967002890625 0.5140929609375 0.1039642671875 0.37548799375 0.029474040624999996 0.3715841265625 0.0222100625 0.51018909375
0 0.1072367484375 0.574995934375 0.284371015625 0.5842791484375 0.295104615625 0.37946985624999996 0.11797034843750001 0.3701866421875 0.1072367484375 0.574995934375
0 0.1962799140625 0.5775843390625 0.3530044578125 0.5857979249999999 0.362935678125 0.396298946875 0.20621113593749998 0.3880853609375 0.1962799140625 0.5775843390625
0 0.20015252499999997 0.6459499859375 0.36832550625 0.6547635578125 0.37786546875 0.4727302390625 0.2096924875 0.4639166671875 0.20015252499999997 0.6459499859375
0 0.3579102984375 0.46410476718749993 0.5629496671875 0.47485042499999996 0.5698491859375 0.3431997703125 0.3648098171875 0.3324541125 0.3579102984375 0.46410476718749993
0 0.35451415000000003 0.5433277671875001 0.4291362703125 0.547238546875 0.43684384375 0.40016929218749997 0.362221721875 0.3962585140625 0.35451415000000003 0.5433277671875001
0 0.4119102640625 0.60179430625 0.483389528125 0.605540375 0.49393238593750005 0.404370665625 0.422453121875 0.4006245953125 0.4119102640625 0.60179430625
0 0.4816676875 0.6839281703125 0.633018471875 0.691860128125 0.64211389375 0.51830914375 0.4907631078125 0.5103771859374999 0.4816676875 0.6839281703125
0 0.6391652875 0.6926407296875 0.7879120984375 0.70043621875 0.7960856515625 0.5444755531250001 0.6473388390625 0.5366800625 0.6391652875 0.6926407296875
0 0.48970314843749996 0.5923587625 0.8587966234375 0.6117021328125001 0.8643019890625 0.5066535234375 0.4952085125 0.48731015468749994 0.48970314843749996 0.5923587625
0 0.653027321875 0.5435383781249999 0.750828953125 0.5486639453125 0.7583602859374999 0.40495754531249994 0.66055865625 0.3998319796875 0.653027321875 0.5435383781249999
0 0.8605424328125 0.708175715625 0.9429500953125001 0.7124945171875 0.9579500218750001 0.42627887031249995 0.875542359375 0.4219600671875 0.8605424328125 0.708175715625
0 0.0210353265625 0.43508492656250003 0.9606967296875 0.48433049375000004 0.9674127578125 0.3561810578125 0.0277513546875 0.30693549062500003 0.0210353265625 0.43508492656250003