0 0 0.6218508265625 0.1260849 0.648651 0.22655979999999998 0.1759537625 0.06653981875000001 0.141940465625 0 0.45498569843750003 0 0.6218508265625
0 0.055974853125 0.6361496015625 0.20592377812499998 0.6680222296875 0.3095068515625 0.1807021765625 0.159557928125 0.14882955 0.055974853125 0.6361496015625
0 0.281670728125 0 0.1605188453125 0.5699747953125 0.22500855937500003 0.58368250625 0.34907410625 0 0.281670728125 0
0 0.08828313125000001 0.908167165625 0.1537381203125 0.922080053125 0.2846384796875 0.3062422765625 0.219183490625 0.2923293890625 0.08828313125000001 0.908167165625
0 0.147461303125 0.61634138125 0.307775465625 0.6504172078125 0.38850400625 0.2706192921875 0.2281898421875 0.23654346406250001 0.147461303125 0.61634138125
0 0.2278259515625 0.660169496875 0.3745802671875 0.6913630890625 0.46161966093749995 0.2818749359375 0.3148653453125 0.2506813421875 0.2278259515625 0.660169496875
0 0.461029528125 0 0.33052836406249997 0.6139597046875 0.39460898437499997 0.6275804609375 0.526438646875 0.007370659375 0.49176242031250006 0 0.461029528125 0
0 0.2607885203125 0.9405229328125 0.3262205265625 0.9544309343749999 0.45766691875000004 0.3360242859375 0.39223491093749996 0.32211628281250004 0.2607885203125 0.9405229328125
0 0.31148919375 0.6922422015625 0.4699141703125 0.7259164703125001 0.5712396187500001 0.24921771874999998 0.412814640625 0.21554345000000003 0.31148919375 0.6922422015625
0 0.40590920625000004 0.6699337109375 0.5531139859375 0.701223053125 0.64494165 0.2692078625 0.4977368703125 0.2379185203125 0.40590920625000004 0.6699337109375
0 0.5117470546875 0.6353495578125 0.5701922921875 0.6477724765625 0.693290715625 0.068639934375 0.6348454765625 0.056217015625 0.5117470546875 0.6353495578125
0 0.44030728906250005 0.9657853921875 0.5012116859375 0.9787310218749999 0.6350469624999999 0.34908555625000004 0.5741425640625 0.33613992656249997 0.44030728906250005 0.9657853921875
0 0.501531196875 0.6796481375 0.6527395765625 0.7117884703125 0.7301604312500001 0.3475519921875 0.57895205 0.315411659375 0.501531196875 0.6796481375
0 0.581195390625 0.7192225140625 0.6472111609375 0.7332545984375 0.7861129703125 0.079772959375 0.7200972015625 0.065740875 0.581195390625 0.7192225140625
0 0.52208171875 0.9745701296875 0.5948912 0.9900462624999999 0.73328373125 0.338960590625 0.66047425 0.3234844578125 0.52208171875 0.9745701296875
0 0.5703091875 0.7176959890625 0.746656146875 0.7551796921875 0.8332177640625 0.34793930156249997 0.6568708046875 0.31045559843750004 0.5703091875 0.7176959890625
0 0.6708571546875 0.7381387171875 0.7445767546875001 0.753808303125 0.8895741578124999 0.07164915468750001 0.8158545578125 0.055979570312500004 0.6708571546875 0.7381387171875
0 0.6944642484375 1 0.833251809375 0.34705586093749996 0.75506895 0.33043758125 0.6127490640625 1 0.6944642484375 1
0 0.6686430140625 0.7297165515625 0.84048534375 0.766242765625 0.9278660078125001 0.355149065625 0.7560236765624999 0.31862285 0.6686430140625 0.7297165515625
0 0.769411490625 0.7491218515625 0.8397020609375 0.7640625734375 0.9818013015625 0.0955382078125 0.9115107312499999 0.0805974859375 0.769411490625 0.7491218515625
0 0.7921511015625 1 0.9351689015625 0.3271541515625 0.8610539953125 0.311400540625 0.7146876625 1 0.7921511015625 1
0 1 0.3403664609375 0.8594434953125001 0.310490253125 0.7679098484375 0.741122203125 0.9491107703124999 0.7796376484375 1 0.540222646875 1 0.3403664609375
0 1 0.40134546093749995 0.9236508359375 0.38511694531249996 0.7929534078125 1 0.9015290546875001 1 1 0.5367306234375 1 0.40134546093749995
0 1 0.0951208921875 0.98132835625 0.0911521109375 0.8424422953124999 0.7445596484375 0.950751 0.7675813734375 1 0.5358830453125 1 0.0951208921875