0 0.73046875 0.15625 0.2890625 0.3125
0 0.8109375 0.56328125 0.378125 0.8140625
0 0.82890625 0.7734375 0.1609375 0.275
0 0.78359375 0.78046875 0.1671875 0.0875
0 0.94375 0.83125 0.1125 0.228125
0 0.91640625 0.75 0.1015625 0.2375
0 0.69921875 0.33828125 0.14375 0.2984375
0 0.63828125 0.53125 0.25625 0.5953125
0 0.5015625 0.5703125 0.3078125 0.634375
0 0.5109375 0.60390625 0.190625 0.5125
0 0.44765625 0.6109375 0.178125 0.5203125
0 0.3109375 0.4578125 0.3640625 0.21875
0 0.29375 0.721875 0.2546875 0.54375
0 0.1421875 0.64921875 0.2578125 0.3484375