0 0.0223316 0.4851695375 0.096515428125 0.492966571875 0.11102347500000001 0.35493172500000003 0.036839646875 0.347134690625 0.0223316 0.4851695375
0 0.1038500328125 0.5543375140625 0.2802556984375 0.572878496875 0.30169347812499997 0.3689116421875 0.1252878125 0.350370659375 0.1038500328125 0.5543375140625
0 0.1926357015625 0.56158253125 0.34871559375 0.5779871890625 0.3685508140625 0.3892676734375 0.212470921875 0.372863015625 0.1926357015625 0.56158253125
0 0.1929250234375 0.6300571609375 0.3604062640625 0.64766015 0.3794600390625 0.466375584375 0.21197879843749998 0.44877259687500004 0.1929250234375 0.6300571609375
0 0.3599836375 0.456717559375 0.564179625 0.4781794234375 0.57795975 0.347070284375 0.3737637640625 0.3256084203125 0.3599836375 0.456717559375
0 0.3524459328125 0.535654246875 0.42676111250000004 0.5434650875 0.44215513125 0.3970007703125 0.367839953125 0.3891899296875 0.3524459328125 0.535654246875
0 0.4067034859375 0.5970445390625 0.47788873593750003 0.6045264109375 0.498945553125 0.4041841671875 0.4277603046875 0.39670229687499997 0.4067034859375 0.5970445390625
0 0.472066753125 0.6827166640625 0.622794990625 0.698558840625 0.6409609046875 0.5257217187500001 0.49023266718749997 0.5098795421875 0.472066753125 0.6827166640625
0 0.6288925296875 0.6996600703125 0.7770275046874999 0.7152296828125 0.79335220625 0.5599105265625 0.64521723125 0.5443409124999999 0.6288925296875 0.6996600703125
0 0.484883575 0.59169329375 0.8524588671875 0.6303270125 0.8634545062500001 0.5257104984375001 0.4958792140625 0.48707677812499994 0.484883575 0.59169329375
0 0.65053898125 0.5514875421875 0.7479383265624999 0.5617246265625 0.7629803500000001 0.41860933125 0.6655810046874999 0.40837224687499996 0.65053898125 0.5514875421875
0 0.849153246875 0.72675975 0.93122194375 0.73538551875 0.9611806828124999 0.4503471546875 0.8791119859375 0.4417213875 0.849153246875 0.72675975
0 0.0250891234375 0.410106815625 0.960885440625 0.508462971875 0.9742990859375 0.38084065 0.038502770312500004 0.28248449375 0.0250891234375 0.410106815625